P 20 6 100 0 50 1920 50
P 40 2 100 0 1060 1920 100
P 100 5 100 0 0 1920 1080
P 50 5 100 0 1060 1920 0
P 50 1 100 500 100 500 1000
P 10 0 100 300 200 190 960
P 80 3 100 789 124 1900 789
P 60 0 100 1800 80 190 800
P 30 3 100 1880 1000 1000 100
P 20 1 100 478 897 1890 76
P 65 4 100 1234 456 789 987
P 45 6 100 987 654 321 123
P 78 9 100 567 890 123 456
P 56 1 100 456 234 987 876
P 90 0 100 450 0 450 1000
P 20 0 100 0 50 1920 50
P 40 9 100 0 1060 1920 100
P 100 0 100 0 0 1920 1080
P 50 0 100 0 1060 1920 0
P 50 8 100 500 100 500 1000
P 10 3 100 300 200 190 960
P 80 7 100 789 124 1900 789
P 60 9 100 1800 80 190 800
P 30 9 100 1880 1000 1000 100
P 20 6 100 478 897 1890 76
P 65 0 100 1234 456 789 987
P 45 0 100 987 654 321 123
P 78 0 100 567 890 123 456
P 56 9 100 456 234 987 876
P 90 6 100 450 0 450 1000
P 50 0 100 0 0 1080 1080
P 40 0 100 765 234 987 123
P 60 0 100 123 456 789 1080
P 80 0 100 890 456 123 1078
P 40 0 100 1000 1000 0 0
P 56 0 100 1890 20 100 1000
P 50 0 100 10 10 500 1000
P 40 0 100 700 700 10 10
P 70 0 100 589 89 1400 400
P 50 0 100 467 876 987 1000
P 50 9 100 0 0 1080 1080
P 40 9 100 765 234 987 123
P 60 9 100 123 456 789 1080
P 80 9 100 890 456 123 1078
P 40 9 100 1000 1000 0 0
P 56 9 100 1890 20 100 1000
P 50 9 100 10 10 500 1000
P 40 9 100 700 700 10 10
P 70 9 100 589 89 1400 400
P 50 9 100 467 876 987 1000
P 50 10 100 1500 1000 0 0
P 50 10 100 1500 1050 0 0
P 50 10 100 1500 1100 0 0
P 50 10 100 1500 1150 0 0
P 50 10 100 1500 1200 0 0
P 50 10 100 1500 1250 0 0
P 50 10 100 1500 1300 0 0
P 50 10 100 1500 1350 0 0
P 50 10 100 1500 1400 0 0
P 50 10 100 1500 1450 0 0
P 50 10 100 1500 1500 0 0
P 50 10 100 1000 1000 0 0
P 50 10 100 1000 1050 0 0
P 50 10 100 1000 1100 0 0
P 50 10 100 1000 1150 0 0
P 50 10 100 1000 1200 0 0
P 50 10 100 1000 1250 0 0
P 50 10 100 1000 1300 0 0
P 50 10 100 1000 1350 0 0
P 50 10 100 1000 1400 0 0
P 50 10 100 1000 1450 0 0
P 50 10 100 1000 1500 0 0
P 100 2 100 30 30 960 540
P 100 2 100 1920 1080 960 540
P 100 12 100 1920 0 960 540
P 100 12 100 0 1080 960 540
P 75 3 100 0 540 960 540
P 75 3 100 960 0 960 540
P 75 3 100 960 1080 960 540
P 75 3 100 1920 540 960 540
P 10 0 100 800 800 1 1
P 3 0 100 40 30 300 700
P 2 0 100 30 600 100 1000
P 4 0 100 30 70 300 500
P 3 0 100 50 50 100 100
P 100 0 100 20 20 500 20
P 100 1 100 20 40 500 40
P 100 2 100 20 60 500 60
P 100 3 100 20 80 500 80
P 100 4 100 20 100 500 100
P 100 5 100 20 120 500 120
P 100 6 100 20 140 500 140
P 100 7 100 20 160 500 160
P 100 8 100 20 180 500 180
P 100 9 100 20 200 500 200
P 100 10 100 20 220 500 220
P 100 10 100 20 20 500 20
P 100 11 100 20 40 500 40
P 100 12 100 20 60 500 60
P 100 13 100 20 80 500 80
P 100 14 100 20 100 500 100
P 100 15 100 20 120 500 120
P 100 16 100 20 140 500 140
P 100 17 100 20 160 500 160
P 100 18 100 20 180 500 180
P 100 19 100 20 200 500 200
P 100 10 100 20 220 500 220
P 100 0 100 20 20 500 0
P 100 1 100 20 40 500 0
P 100 2 100 20 60 500 0
P 100 3 100 20 80 500 0
P 100 4 100 20 100 500 00
P 100 5 100 20 120 500 00
P 100 6 100 20 140 500 00
P 100 7 100 20 160 500 00
P 100 8 100 20 180 500 00
P 100 9 100 20 200 500 00
P 100 10 100 20 220 500 00
P 100 10 100 20 20 500 0
P 100 11 100 20 40 500 0
P 100 12 100 20 60 500 0
P 100 13 100 20 80 500 0
P 100 14 100 20 100 500 00
P 100 15 100 20 120 500 00
P 100 16 100 20 140 500 00
P 100 17 100 20 160 500 00
P 100 18 100 20 180 500 00
P 100 19 100 20 200 500 00
P 100 0 100 20 220 500 0
P 100 1 100 20 240 500 0
P 100 2 100 20 260 500 0
P 100 3 100 20 280 500 0
P 100 4 100 20 300 500 00
P 100 5 100 20 320 500 00
P 100 6 100 20 340 500 00
P 100 7 100 20 360 500 00
P 100 8 100 20 380 500 00
P 100 9 100 20 400 500 00
P 100 10 100 20 420 500 00
P 100 10 100 20 420 500 0
P 100 11 100 20 440 500 0
P 100 12 100 20 460 500 0
P 100 13 100 20 480 500 0
P 100 14 100 20 500 500 00
P 100 15 100 20 520 500 00
P 100 16 100 20 540 500 00
P 100 17 100 20 560 500 00
P 100 18 100 20 580 500 00
P 100 19 100 20 600 500 00
P 100 0 100 20 720 500 0
P 100 1 100 20 740 500 0
P 100 2 100 20 760 500 0
P 100 3 100 20 780 500 0
P 100 4 100 20 800 500 00
P 100 5 100 20 820 500 00
P 100 6 100 20 840 500 00
P 100 7 100 20 860 500 00
P 100 8 100 20 880 500 00
P 100 9 100 20 900 500 00
P 100 10 100 20 920 500 00
P 100 10 100 20 940 500 0
P 100 11 100 20 1040 500 0
P 100 12 100 20 960 500 0
P 100 13 100 20 980 500 0
P 100 14 100 20 1000 500 00
P 100 15 100 20 1020 500 00
P 100 16 100 20 1040 500 00
P 100 17 100 20 1060 500 00
P 100 0 100 90 90 500 0
P 100 1 100 90 40 500 0
P 100 2 100 90 60 500 0
P 100 3 100 90 80 500 0
P 100 4 100 90 100 500 00
P 100 5 100 90 190 500 00
P 100 6 100 90 140 500 00
P 100 7 100 90 160 500 00
P 100 8 100 90 180 500 00
P 100 9 100 90 900 500 00
P 100 10 100 90 290 500 00
P 100 10 100 90 90 500 0
P 100 11 100 90 40 500 0
P 100 12 100 90 60 500 0
P 100 13 100 90 80 500 0
P 100 14 100 90 100 500 00
P 100 15 100 90 190 500 00
P 100 16 100 90 140 500 00
P 100 17 100 90 160 500 00
P 100 18 100 90 180 500 00
P 100 19 100 90 900 500 00
P 100 0 100 90 290 500 0
P 100 1 100 90 240 500 0
P 100 2 100 90 260 500 0
P 100 3 100 90 280 500 0
P 100 4 100 90 300 500 00
P 100 5 100 90 390 500 00
P 100 6 100 90 340 500 00
P 100 7 100 90 360 500 00
P 100 8 100 90 380 500 00
P 100 9 100 90 400 500 00
P 100 10 100 90 490 500 00
P 100 10 100 90 490 500 0
P 100 11 100 90 440 500 0
P 100 12 100 90 460 500 0
P 100 13 100 90 480 500 0
P 100 14 100 90 500 500 00
P 100 15 100 90 590 500 00
P 100 16 100 90 540 500 00
P 100 17 100 90 560 500 00
P 100 18 100 90 580 500 00
P 100 19 100 90 600 500 00
P 100 0 100 90 790 500 0
P 100 1 100 90 740 500 0
P 100 2 100 90 760 500 0
P 100 3 100 90 780 500 0
P 100 4 100 90 800 500 00
P 100 5 100 90 890 500 00
P 100 6 100 90 840 500 00
P 100 7 100 90 860 500 00
P 100 8 100 90 880 500 00
P 100 9 100 90 900 500 00
P 100 10 100 90 990 500 00
P 100 10 100 90 940 500 0
P 100 11 100 90 1040 500 0
P 100 12 100 90 960 500 0
P 100 13 100 90 980 500 0
P 100 14 100 90 1000 500 00
P 100 15 100 90 1090 500 00
P 100 16 100 90 1040 500 00
P 100 17 100 90 1060 500 00
P 70 0 100 1900 20 0 0
P 70 1 100 1900 40 0 0
P 70 2 100 1900 60 0 0
P 70 3 100 1900 80 0 0
P 70 4 100 1900 100 0 0
P 70 5 100 1900 120 0 0
P 70 6 100 1900 140 0 0
P 70 7 100 1900 160 0 0
P 70 8 100 1900 180 0 0
P 70 9 100 1900 200 0 0
P 70 10 100 1900 220 0 0
P 70 10 100 1900 240 0 0
P 70 11 100 1900 260 0 0
P 70 12 100 1900 280 0 0
P 70 13 100 1900 300 0 0
P 70 0 100 1900 320 0 0
P 70 1 100 1900 340 0 0
P 70 2 100 1900 360 0 0
P 70 3 100 1900 380 0 0
P 70 4 100 1900 400 0 0
P 70 5 100 1900 420 0 0
P 70 6 100 1900 440 0 0
P 70 7 100 1900 460 0 0
P 70 8 100 1900 480 0 0
P 70 9 100 1900 500 0 0
P 70 10 100 1900 520 0 0
P 70 10 100 1900 540 0 0
P 70 11 100 1900 560 0 0
P 70 12 100 1900 580 0 0
P 70 13 100 1900 600 0 0
P 70 0 100 1900 720 0 0
P 70 1 100 1900 740 0 0
P 70 2 100 1900 760 0 0
P 70 3 100 1900 780 0 0
P 70 4 100 1900 800 0 0
P 70 5 100 1900 820 0 0
P 70 6 100 1900 840 0 0
P 70 7 100 1900 860 0 0
P 70 8 100 1900 880 0 0
P 70 9 100 1900 900 0 0
P 70 10 100 1900 920 0 0
P 70 10 100 1900 940 0 0
P 70 11 100 1900 960 0 0
P 70 12 100 1900 980 0 0
P 70 13 100 1900 1000 0 0
P 70 0 100 0 0 1900 20
P 70 1 100 0 0 1900 40
P 70 2 100 0 0 1900 60
P 70 3 100 0 0 1900 80
P 70 4 100 0 0 1900 100
P 70 5 100 0 0 1900 120
P 70 6 100 0 0 1900 140
P 70 7 100 0 0 1900 160
P 70 8 100 0 0 1900 180
P 70 9 100 0 0 1900 200
P 70 10 100 0 0 1900 220
P 70 10 100 0 0 1900 240
P 70 11 100 0 0 1900 260
P 70 12 100 0 0 1900 280
P 70 13 100 0 0 1900 300
P 70 0 100 0 0 1900 320
P 70 1 100 0 0 1900 340
P 70 2 100 0 0 1900 360
P 70 3 100 0 0 1900 380
P 70 4 100 0 0 1900 400
P 70 5 100 0 0 1900 420
P 70 6 100 0 0 1900 440
P 70 7 100 0 0 1900 460
P 70 8 100 0 0 1900 480
P 70 9 100 0 0 1900 500
P 70 10 100 0 0 1900 520
P 70 10 100 0 0 1900 540
P 70 11 100 0 0 1900 560
P 70 12 100 0 0 1900 580
P 70 13 100 0 0 1900 600
P 70 0 100 0 0 1900 720
P 70 1 100 0 0 1900 740
P 70 2 100 0 0 1900 760
P 70 3 100 0 0 1900 780
P 70 4 100 0 0 1900 800
P 70 5 100 0 0 1900 820
P 70 6 100 0 0 1900 840
P 70 7 100 0 0 1900 860
P 70 8 100 0 0 1900 880
P 70 9 100 0 0 1900 900
P 70 10 100 0 0 1900 920
P 70 10 100 0 0 1900 940
P 70 11 100 0 0 1900 960
P 70 12 100 0 0 1900 980
P 70 13 100 0 0 1900 1000
T 93 47 8
T 1200 560 10
T 500 500 5
T 1000 1000 10